2.000e+00      1.231e+01      1.320e+00
2.000e+00      2.003e+01      1.497e+00
2.000e+00      3.201e+01      1.834e+00
2.250e+00      1.084e+01      9.431e-01
2.250e+00      2.044e+01      8.914e-01
2.250e+00      3.306e+01      1.066e+00
2.500e+00      1.081e+01      7.677e-01
2.500e+00      2.096e+01      1.104e+00
2.500e+00      3.010e+01      1.014e+00
2.750e+00      1.126e+01      4.183e-01
2.750e+00      2.119e+01      4.736e-01
2.750e+00      3.202e+01      5.553e-01
3.000e+00      1.097e+01      3.265e-01
3.000e+00      2.119e+01      4.388e-01
3.000e+00      3.076e+01      5.707e-01
3.500e+00      1.039e+01      1.509e-01
3.500e+00      2.071e+01      1.560e-01
3.500e+00      3.077e+01      2.713e-01
4.000e+00      1.077e+01      7.456e-02
4.000e+00      2.077e+01      1.821e-01
4.000e+00      3.102e+01      2.382e-01
5.000e+00      1.072e+01      2.401e-01
5.000e+00      2.080e+01      1.544e-01
5.000e+00      3.078e+01      3.129e-01
