3.000e-01      1.571e+01      1.609e+00
3.000e-01      3.533e+01      1.744e+00
4.000e-01      1.343e+01      1.215e+00
4.000e-01      3.199e+01      1.261e+00
5.000e-01      1.276e+01      9.197e-01
5.000e-01      3.398e+01      2.356e+00
7.500e-01      1.375e+01      9.122e-01
7.500e-01      3.424e+01      1.632e+00
1.000e+00      1.651e+01      1.314e+00
1.000e+00      3.735e+01      2.055e+00
1.250e+00      1.862e+01      1.372e+00
1.250e+00      3.924e+01      2.055e+00
1.500e+00      1.773e+01      1.627e+00
1.500e+00      3.793e+01      2.030e+00
1.750e+00      1.986e+01      1.842e+00
1.750e+00      4.068e+01      2.274e+00
2.000e+00      1.856e+01      1.786e+00
2.000e+00      3.721e+01      2.083e+00
