3.000e+01      2.000e+01      6.463e+01      2.196e+01
4.000e+01      2.000e+01      2.672e+01      6.634e+00
4.000e+01      3.000e+01      5.760e+01      2.120e+01
5.000e+01      2.000e+01      4.185e+01      7.032e+00
5.000e+01      3.000e+01      2.550e+01      4.519e+00
5.000e+01      4.000e+01      6.876e+01      1.593e+01
6.000e+01      2.000e+01      4.256e+01      7.657e+00
6.000e+01      3.000e+01      4.340e+01      6.768e+00
6.000e+01      4.000e+01      2.866e+01      4.964e+00
6.000e+01      5.000e+01      7.197e+01      1.063e+01
7.000e+01      2.000e+01      2.419e+01      7.040e+00
7.000e+01      3.000e+01      3.904e+01      6.042e+00
7.000e+01      4.000e+01      3.651e+01      4.398e+00
7.000e+01      5.000e+01      2.917e+01      4.575e+00
7.000e+01      6.000e+01      6.405e+01      1.429e+01
8.000e+01      2.000e+01      1.862e+01      5.113e+00
8.000e+01      3.000e+01      2.032e+01      4.882e+00
8.000e+01      4.000e+01      5.172e+01      5.683e+00
8.000e+01      5.000e+01      3.865e+01      4.972e+00
8.000e+01      6.000e+01      3.825e+01      7.498e+00
8.000e+01      7.000e+01      6.320e+01      1.020e+01
9.000e+01      2.000e+01      1.666e+01      6.698e+00
9.000e+01      3.000e+01      1.322e+01      6.425e+00
9.000e+01      4.000e+01      2.073e+01      5.201e+00
9.000e+01      5.000e+01      4.611e+01      5.764e+00
9.000e+01      6.000e+01      4.171e+01      5.347e+00
9.000e+01      7.000e+01      3.075e+01      5.405e+00
9.000e+01      8.000e+01      5.770e+01      8.927e+00
1.000e+02      2.000e+01      1.980e+01      1.025e+01
1.000e+02      3.000e+01      1.847e+01      6.683e+00
1.000e+02      4.000e+01      1.738e+01      3.750e+00
1.000e+02      5.000e+01      3.411e+01      5.438e+00
1.000e+02      6.000e+01      4.210e+01      5.405e+00
1.000e+02      7.000e+01      5.258e+01      8.101e+00
1.000e+02      8.000e+01      3.660e+01      5.893e+00
1.000e+02      9.000e+01      4.876e+01      9.462e+00
