5.000e-01      8.990e+00      1.073e+00
7.500e-01      1.030e+01      8.818e-01
1.000e+00      8.912e+00      1.055e+00
1.200e+00      9.238e+00      1.232e+00
1.400e+00      1.150e+01      1.374e+00
1.500e+00      1.332e+01      1.447e+00
1.600e+00      1.122e+01      1.116e+00
1.800e+00      1.164e+01      8.732e-01
2.000e+00      1.283e+01      8.800e-01
2.500e+00      1.476e+01      5.450e-01
3.000e+00      1.535e+01      1.262e+00
5.000e-01      1.767e+01      1.362e+00
7.500e-01      1.932e+01      1.168e+00
1.000e+00      1.962e+01      1.561e+00
1.200e+00      2.027e+01      1.521e+00
1.400e+00      2.198e+01      1.696e+00
1.500e+00      2.054e+01      1.304e+00
1.600e+00      2.027e+01      1.501e+00
1.800e+00      2.295e+01      9.405e-01
2.000e+00      2.351e+01      1.076e+00
2.500e+00      2.452e+01      8.501e-01
3.000e+00      2.655e+01      1.436e+00
5.000e-01      2.788e+01      1.251e+00
7.500e-01      2.868e+01      2.011e+00
1.000e+00      2.755e+01      1.650e+00
1.200e+00      2.969e+01      1.281e+00
1.400e+00      3.143e+01      1.566e+00
1.500e+00      3.122e+01      1.227e+00
1.600e+00      3.077e+01      1.502e+00
1.800e+00      3.356e+01      1.818e+00
2.000e+00      3.367e+01      1.096e+00
2.500e+00      3.409e+01      5.398e-01
3.000e+00      3.559e+01      1.425e+00
