5.000e+02      9.853e+00      1.489e+00
1.000e+03      9.980e+00      1.474e+00
2.000e+03      1.026e+01      1.180e+00
5.000e+03      1.248e+01      1.314e+00
5.000e+02      1.077e+01      1.071e+00
1.000e+03      9.369e+00      1.471e+00
2.000e+03      1.035e+01      1.311e+00
5.000e+03      9.906e+00      1.379e+00
5.000e+02      1.038e+01      1.053e+00
1.000e+03      9.248e+00      1.490e+00
2.000e+03      9.208e+00      1.585e+00
5.000e+03      1.054e+01      1.244e+00
5.000e+02      2.002e+01      1.708e+00
1.000e+03      2.012e+01      1.917e+00
2.000e+03      2.058e+01      1.829e+00
5.000e+03      2.026e+01      1.986e+00
5.000e+02      2.163e+01      1.560e+00
1.000e+03      1.939e+01      1.527e+00
2.000e+03      2.082e+01      1.711e+00
5.000e+03      2.075e+01      2.036e+00
5.000e+02      1.920e+01      1.542e+00
1.000e+03      1.914e+01      1.476e+00
2.000e+03      1.828e+01      1.825e+00
5.000e+03      1.967e+01      1.508e+00
5.000e+02      3.055e+01      2.193e+00
1.000e+03      3.088e+01      1.928e+00
2.000e+03      2.979e+01      1.731e+00
5.000e+03      2.973e+01      2.028e+00
5.000e+02      2.840e+01      1.885e+00
1.000e+03      3.058e+01      2.011e+00
2.000e+03      2.971e+01      1.981e+00
5.000e+03      3.077e+01      1.896e+00
5.000e+02      2.873e+01      2.192e+00
1.000e+03      3.058e+01      1.632e+00
2.000e+03      3.041e+01      1.936e+00
5.000e+03      2.812e+01      2.214e+00
5.000e+02      4.366e+01      3.478e+00
1.000e+03      4.076e+01      2.027e+00
2.000e+03      4.022e+01      2.228e+00
5.000e+03      3.922e+01      2.394e+00
5.000e+02      3.849e+01      2.097e+00
1.000e+03      4.016e+01      2.729e+00
2.000e+03      4.014e+01      2.246e+00
5.000e+03      3.749e+01      2.039e+00
5.000e+02      4.039e+01      2.088e+00
1.000e+03      4.071e+01      2.762e+00
2.000e+03      3.910e+01      2.414e+00
5.000e+03      3.866e+01      2.240e+00
5.000e+02      4.952e+01      2.468e+00
1.000e+03      4.920e+01      2.560e+00
2.000e+03      4.812e+01      2.960e+00
5.000e+03      5.007e+01      2.602e+00
5.000e+02      5.145e+01      2.552e+00
1.000e+03      4.734e+01      2.527e+00
2.000e+03      4.850e+01      2.752e+00
5.000e+03      5.227e+01      2.622e+00
5.000e+02      4.890e+01      2.209e+00
1.000e+03      5.129e+01      2.947e+00
2.000e+03      4.889e+01      2.189e+00
5.000e+03      4.719e+01      2.556e+00
