3.000e+01      2.000e+01      4.031e+01      2.319e+00
4.000e+01      2.000e+01      3.614e+01      2.324e+00
4.000e+01      3.000e+01      4.307e+01      2.984e+00
5.000e+01      2.000e+01      3.271e+01      2.634e+00
5.000e+01      3.000e+01      4.338e+01      2.757e+00
5.000e+01      4.000e+01      4.874e+01      2.929e+00
6.000e+01      2.000e+01      3.672e+01      2.211e+00
6.000e+01      3.000e+01      4.156e+01      2.798e+00
6.000e+01      4.000e+01      5.002e+01      2.760e+00
6.000e+01      5.000e+01      5.115e+01      2.986e+00
7.000e+01      2.000e+01      3.946e+01      1.994e+00
7.000e+01      3.000e+01      4.585e+01      2.968e+00
7.000e+01      4.000e+01      4.936e+01      2.975e+00
7.000e+01      5.000e+01      5.099e+01      3.180e+00
7.000e+01      6.000e+01      5.417e+01      3.111e+00
8.000e+01      2.000e+01      3.618e+01      2.728e+00
8.000e+01      3.000e+01      4.704e+01      3.160e+00
8.000e+01      4.000e+01      4.877e+01      2.764e+00
8.000e+01      5.000e+01      5.296e+01      3.019e+00
8.000e+01      6.000e+01      5.404e+01      3.171e+00
8.000e+01      7.000e+01      5.471e+01      3.079e+00
9.000e+01      2.000e+01      3.546e+01      2.215e+00
9.000e+01      3.000e+01      4.386e+01      2.550e+00
9.000e+01      4.000e+01      4.865e+01      3.062e+00
9.000e+01      5.000e+01      5.259e+01      3.089e+00
9.000e+01      6.000e+01      5.380e+01      2.994e+00
9.000e+01      7.000e+01      5.517e+01      3.153e+00
9.000e+01      8.000e+01      5.565e+01      2.932e+00
1.000e+02      2.000e+01      3.889e+01      2.320e+00
1.000e+02      3.000e+01      4.407e+01      2.972e+00
1.000e+02      4.000e+01      4.933e+01      2.956e+00
1.000e+02      5.000e+01      5.205e+01      3.154e+00
1.000e+02      6.000e+01      5.496e+01      3.021e+00
1.000e+02      7.000e+01      5.575e+01      3.124e+00
1.000e+02      8.000e+01      5.511e+01      3.085e+00
1.000e+02      9.000e+01      5.671e+01      2.835e+00
