2.000e+01      3.000e+01      2.860e+01      3.347e+00
2.000e+01      4.000e+01      4.142e+01      6.308e+00
3.000e+01      4.000e+01      4.284e+01      6.386e+00
2.000e+01      5.000e+01      3.575e+01      4.537e+00
3.000e+01      5.000e+01      3.860e+01      3.224e+00
4.000e+01      5.000e+01      4.698e+01      7.994e+00
2.000e+01      6.000e+01      4.778e+01      5.471e+00
3.000e+01      6.000e+01      4.049e+01      4.252e+00
4.000e+01      6.000e+01      4.113e+01      3.618e+00
5.000e+01      6.000e+01      4.817e+01      4.725e+00
2.000e+01      7.000e+01      3.541e+01      4.624e+00
3.000e+01      7.000e+01      3.766e+01      3.838e+00
4.000e+01      7.000e+01      4.062e+01      4.956e+00
5.000e+01      7.000e+01      4.518e+01      4.598e+00
6.000e+01      7.000e+01      6.152e+01      7.410e+00
2.000e+01      8.000e+01      2.714e+01      4.509e+00
3.000e+01      8.000e+01      3.061e+01      3.913e+00
4.000e+01      8.000e+01      3.918e+01      6.024e+00
5.000e+01      8.000e+01      4.377e+01      4.560e+00
6.000e+01      8.000e+01      4.522e+01      4.150e+00
7.000e+01      8.000e+01      4.489e+01      5.038e+00
2.000e+01      9.000e+01      7.857e+00      3.361e+00
3.000e+01      9.000e+01      1.901e+01      2.829e+00
4.000e+01      9.000e+01      3.023e+01      4.217e+00
5.000e+01      9.000e+01      4.010e+01      5.014e+00
6.000e+01      9.000e+01      4.617e+01      4.809e+00
7.000e+01      9.000e+01      4.604e+01      4.076e+00
8.000e+01      9.000e+01      4.947e+01      3.995e+00
2.000e+01      1.000e+02      -1.291e+01      4.105e+00
3.000e+01      1.000e+02      1.107e+00      3.888e+00
4.000e+01      1.000e+02      2.252e+01      3.667e+00
5.000e+01      1.000e+02      3.318e+01      3.374e+00
6.000e+01      1.000e+02      3.854e+01      4.041e+00
7.000e+01      1.000e+02      3.627e+01      3.475e+00
8.000e+01      1.000e+02      4.382e+01      3.667e+00
9.000e+01      1.000e+02      4.800e+01      3.472e+00
