2.000e+00      1.132e+01      1.077e+00
2.000e+00      2.201e+01      1.878e+00
2.000e+00      3.193e+01      1.621e+00
2.500e+00      9.961e+00      7.107e-01
2.500e+00      2.072e+01      8.193e-01
2.500e+00      3.047e+01      1.004e+00
3.000e+00      1.095e+01      1.963e-01
3.000e+00      2.081e+01      4.353e-01
3.000e+00      3.087e+01      5.043e-01
3.500e+00      1.073e+01      1.660e-01
3.500e+00      2.082e+01      1.011e-01
3.500e+00      3.083e+01      3.270e-01
4.000e+00      1.064e+01      1.357e-01
4.000e+00      2.048e+01      3.270e-01
4.000e+00      3.097e+01      2.410e-01
4.500e+00      1.076e+01      1.802e-01
4.500e+00      2.025e+01      2.347e-01
4.500e+00      3.090e+01      3.052e-01
5.000e+00      1.067e+01      1.234e-01
5.000e+00      2.083e+01      2.500e-01
5.000e+00      3.050e+01      3.565e-01
5.500e+00      1.067e+01      1.387e-01
5.500e+00      2.107e+01      2.791e-01
5.500e+00      3.133e+01      2.264e-01
6.000e+00      1.029e+01      1.323e-01
6.000e+00      2.071e+01      1.339e-01
6.000e+00      3.100e+01      1.771e-01
6.500e+00      1.081e+01      1.069e-01
6.500e+00      2.088e+01      1.265e-01
6.500e+00      3.126e+01      2.691e-01
