2.000e+00      1.025e+01      1.062e+00
2.000e+00      1.928e+01      1.775e+00
2.000e+00      2.932e+01      2.270e+00
2.250e+00      1.113e+01      1.105e+00
2.250e+00      2.108e+01      1.185e+00
2.250e+00      3.047e+01      1.414e+00
2.500e+00      1.091e+01      6.874e-01
2.500e+00      2.113e+01      9.127e-01
2.500e+00      3.014e+01      9.036e-01
2.750e+00      1.058e+01      3.899e-01
2.750e+00      2.028e+01      4.834e-01
2.750e+00      2.974e+01      5.427e-01
3.000e+00      1.071e+01      3.310e-01
3.000e+00      2.112e+01      4.258e-01
3.000e+00      3.091e+01      5.475e-01
3.500e+00      1.056e+01      1.829e-01
3.500e+00      2.051e+01      2.022e-01
3.500e+00      3.030e+01      2.506e-01
4.000e+00      1.047e+01      1.515e-01
4.000e+00      2.017e+01      2.260e-01
4.000e+00      3.071e+01      3.967e-01
5.000e+00      1.037e+01      1.926e-01
5.000e+00      2.060e+01      2.676e-01
5.000e+00      3.039e+01      3.323e-01
