2.000e+00      1.177e+01      1.254e+00
2.000e+00      1.120e+01      1.287e+00
2.000e+00      1.181e+01      1.329e+00
2.000e+00      2.024e+01      1.255e+00
2.000e+00      2.281e+01      1.502e+00
2.000e+00      2.127e+01      1.527e+00
2.000e+00      3.007e+01      2.020e+00
2.000e+00      3.140e+01      1.569e+00
2.000e+00      3.119e+01      1.624e+00
2.250e+00      1.067e+01      9.635e-01
2.250e+00      1.121e+01      7.336e-01
2.250e+00      1.143e+01      7.103e-01
2.250e+00      2.175e+01      9.187e-01
2.250e+00      1.966e+01      9.413e-01
2.250e+00      2.148e+01      1.056e+00
2.250e+00      3.059e+01      1.298e+00
2.250e+00      2.999e+01      1.303e+00
2.250e+00      2.824e+01      1.143e+00
2.500e+00      1.017e+01      8.664e-01
2.500e+00      9.917e+00      7.297e-01
2.500e+00      1.035e+01      8.316e-01
2.500e+00      2.015e+01      9.293e-01
2.500e+00      2.031e+01      8.007e-01
2.500e+00      2.030e+01      8.524e-01
2.500e+00      3.008e+01      7.526e-01
2.500e+00      2.977e+01      9.858e-01
2.500e+00      2.988e+01      1.121e+00
2.750e+00      1.175e+01      5.052e-01
2.750e+00      1.151e+01      4.844e-01
2.750e+00      1.145e+01      3.809e-01
2.750e+00      2.144e+01      5.905e-01
2.750e+00      2.110e+01      6.519e-01
2.750e+00      2.171e+01      5.304e-01
2.750e+00      3.116e+01      6.074e-01
2.750e+00      3.109e+01      9.072e-01
2.750e+00      3.115e+01      6.896e-01
3.000e+00      1.099e+01      2.782e-01
3.000e+00      1.108e+01      3.210e-01
3.000e+00      1.122e+01      2.416e-01
3.000e+00      2.082e+01      3.304e-01
3.000e+00      2.098e+01      3.714e-01
3.000e+00      2.101e+01      2.485e-01
3.000e+00      3.073e+01      5.266e-01
3.000e+00      3.103e+01      4.310e-01
3.000e+00      3.166e+01      4.473e-01
3.500e+00      1.050e+01      1.388e-01
3.500e+00      1.079e+01      1.149e-01
3.500e+00      1.072e+01      1.248e-01
3.500e+00      2.067e+01      1.875e-01
3.500e+00      2.079e+01      2.409e-01
3.500e+00      2.074e+01      1.267e-01
3.500e+00      3.099e+01      2.318e-01
3.500e+00      3.097e+01      2.572e-01
3.500e+00      3.002e+01      3.138e-01
4.000e+00      1.074e+01      1.741e-01
4.000e+00      1.058e+01      7.606e-02
4.000e+00      1.074e+01      1.045e-01
4.000e+00      2.078e+01      2.388e-01
4.000e+00      2.086e+01      1.822e-01
4.000e+00      2.074e+01      1.446e-01
4.000e+00      3.130e+01      2.517e-01
4.000e+00      3.074e+01      2.870e-01
4.000e+00      3.106e+01      2.412e-01
5.000e+00      1.065e+01      7.574e-02
5.000e+00      1.057e+01      1.864e-01
5.000e+00      1.060e+01      1.043e-01
5.000e+00      2.080e+01      3.010e-01
5.000e+00      2.078e+01      2.120e-01
5.000e+00      2.092e+01      1.893e-01
5.000e+00      3.073e+01      3.702e-01
5.000e+00      3.061e+01      3.133e-01
5.000e+00      3.098e+01      3.197e-01
