3.000e-01      1.053e+01      9.580e-01
3.000e-01      3.008e+01      1.384e+00
4.000e-01      1.226e+01      1.081e+00
4.000e-01      3.326e+01      1.550e+00
5.000e-01      1.171e+01      1.520e+00
5.000e-01      3.330e+01      1.899e+00
7.500e-01      1.444e+01      1.008e+00
7.500e-01      3.260e+01      1.145e+00
1.000e+00      1.534e+01      7.362e-01
1.000e+00      3.550e+01      1.187e+00
1.250e+00      1.585e+01      7.405e-01
1.250e+00      3.605e+01      1.200e+00
1.500e+00      1.737e+01      8.376e-01
1.500e+00      3.721e+01      1.076e+00
1.750e+00      1.749e+01      7.321e-01
1.750e+00      3.765e+01      8.622e-01
2.000e+00      1.778e+01      8.728e-01
2.000e+00      3.726e+01      1.311e+00
