5.000e-01      1.289e+01      1.176e+00
5.000e-01      3.318e+01      1.412e+00
7.500e-01      1.358e+01      1.034e+00
7.500e-01      3.429e+01      1.080e+00
1.000e+00      1.527e+01      5.331e-01
1.000e+00      3.397e+01      8.591e-01
1.250e+00      1.535e+01      6.014e-01
1.250e+00      3.623e+01      8.931e-01
1.500e+00      1.678e+01      6.157e-01
1.500e+00      3.786e+01      1.110e+00
1.750e+00      1.825e+01      8.118e-01
1.750e+00      3.797e+01      9.174e-01
2.000e+00      1.782e+01      9.877e-01
2.000e+00      3.728e+01      1.131e+00
2.250e+00      1.904e+01      1.115e+00
2.250e+00      3.879e+01      1.222e+00
2.500e+00      1.803e+01      1.519e+00
2.500e+00      3.829e+01      1.769e+00
