1.500e+01      2.000e+01      1.230e-01      2.710e-02      4.854e-02
1.500e+01      2.500e+01      1.680e-01      7.480e-02      1.982e-01
1.500e+01      3.000e+01      4.214e-01      1.443e-01      1.173e-01
1.500e+01      3.500e+01      7.047e-01      2.176e-01      9.535e-02
1.500e+01      4.000e+01      9.909e-01      2.920e-01      8.684e-02
1.500e+01      4.500e+01      1.279e+00      3.664e-01      8.203e-02
1.500e+01      5.000e+01      1.569e+00      4.409e-01      7.899e-02
2.000e+01      2.500e+01      4.867e-01      1.386e-01      8.110e-02
2.000e+01      3.000e+01      8.684e-01      2.367e-01      7.429e-02
2.000e+01      3.500e+01      1.305e+00      3.503e-01      7.205e-02
2.000e+01      4.000e+01      1.744e+00      4.652e-01      7.113e-02
2.000e+01      4.500e+01      2.184e+00      5.804e-01      7.064e-02
2.000e+01      5.000e+01      2.623e+00      6.955e-01      7.030e-02
2.500e+01      3.000e+01      5.795e-01      1.827e-01      9.940e-02
2.500e+01      3.500e+01      9.693e-01      2.996e-01      9.555e-02
2.500e+01      4.000e+01      1.403e+00      4.322e-01      9.496e-02
2.500e+01      4.500e+01      1.837e+00      5.661e-01      9.492e-02
2.500e+01      5.000e+01      2.272e+00      7.001e-01      9.494e-02
3.000e+01      3.500e+01      5.897e-01      2.152e-01      1.332e-01
3.000e+01      4.000e+01      9.763e-01      3.491e-01      1.279e-01
3.000e+01      4.500e+01      1.405e+00      5.003e-01      1.268e-01
3.000e+01      5.000e+01      1.835e+00      6.528e-01      1.266e-01
3.500e+01      4.000e+01      5.871e-01      2.457e-01      1.751e-01
3.500e+01      4.500e+01      9.722e-01      3.971e-01      1.669e-01
3.500e+01      5.000e+01      1.398e+00      5.675e-01      1.648e-01
4.000e+01      4.500e+01      5.808e-01      2.749e-01      2.240e-01
4.000e+01      5.000e+01      9.623e-01      4.429e-01      2.119e-01
