3.000e+03      1.146e+01      8.167e-01
3.000e+03      1.114e+01      9.006e-01
3.000e+03      1.136e+01      9.852e-01
3.500e+03      1.350e+01      1.420e+00
3.500e+03      1.362e+01      9.246e-01
3.500e+03      1.285e+01      1.174e+00
4.000e+03      1.039e+01      6.886e-01
4.000e+03      1.066e+01      8.806e-01
4.000e+03      1.043e+01      6.355e-01
4.500e+03      1.449e+01      1.333e+00
4.500e+03      1.260e+01      1.074e+00
4.500e+03      1.400e+01      1.055e+00
5.000e+03      1.055e+01      9.323e-01
5.000e+03      9.761e+00      9.338e-01
5.000e+03      9.778e+00      8.240e-01
