2.000e+03      9.619e+00      7.420e-01      7.601e-01      1.062e+00
3.000e+03      1.061e+01      8.460e-01      1.068e+00      1.362e+00
4.000e+03      1.001e+01      7.939e-01      4.134e-01      8.951e-01
5.000e+03      1.016e+01      8.580e-01      3.643e-01      9.322e-01
2.000e+03      2.977e+01      1.024e+00      8.657e-01      1.341e+00
3.000e+03      2.946e+01      1.126e+00      1.035e+00      1.529e+00
4.000e+03      2.908e+01      1.039e+00      1.651e+00      1.951e+00
5.000e+03      2.914e+01      1.134e+00      1.307e+00      1.730e+00
2.000e+03      4.901e+01      1.406e+00      1.466e+00      2.031e+00
3.000e+03      4.944e+01      1.373e+00      1.049e+00      1.728e+00
4.000e+03      5.080e+01      1.535e+00      1.181e+00      1.937e+00
5.000e+03      4.994e+01      1.652e+00      6.087e-01      1.761e+00
