2.000e+00      9.794e+00      5.269e-01
2.000e+00      2.022e+01      1.024e+00
2.000e+00      3.053e+01      1.569e+00
2.500e+00      1.119e+01      5.079e-01
2.500e+00      2.182e+01      8.522e-01
2.500e+00      3.307e+01      1.492e+00
3.000e+00      1.077e+01      7.511e-01
3.000e+00      2.198e+01      1.188e+00
3.000e+00      3.380e+01      1.603e+00
3.500e+00      1.550e+01      1.360e+00
3.500e+00      2.841e+01      2.194e+00
3.500e+00      3.808e+01      2.280e+00
4.000e+00      1.192e+01      7.581e-01
4.000e+00      2.288e+01      1.085e+00
4.000e+00      3.370e+01      1.301e+00
4.500e+00      1.417e+01      1.438e+00
4.500e+00      2.821e+01      2.252e+00
4.500e+00      3.673e+01      1.602e+00
