1.000e+03      3.224e+01      4.987e+00
1.000e+03      2.535e+01      6.334e+00
1.000e+03      2.535e+01      5.945e+00
1.000e+03      5.871e+01      6.611e+00
1.000e+03      5.386e+01      6.478e+00
1.000e+03      5.927e+01      6.524e+00
2.000e+03      2.288e+01      6.127e+00
2.000e+03      2.176e+01      6.706e+00
2.000e+03      2.477e+01      6.457e+00
2.000e+03      4.572e+01      5.830e+00
2.000e+03      5.245e+01      6.294e+00
2.000e+03      5.762e+01      6.095e+00
5.000e+03      1.575e+01      6.260e+00
5.000e+03      2.692e+01      5.898e+00
5.000e+03      3.018e+01      5.153e+00
5.000e+03      5.709e+01      5.567e+00
5.000e+03      4.219e+01      6.499e+00
5.000e+03      4.698e+01      6.074e+00
7.500e+03      2.478e+01      6.159e+00
7.500e+03      3.201e+01      5.521e+00
7.500e+03      2.647e+01      5.190e+00
7.500e+03      5.785e+01      6.070e+00
7.500e+03      5.375e+01      6.110e+00
7.500e+03      5.610e+01      6.399e+00
1.000e+04      2.623e+01      5.869e+00
1.000e+04      2.809e+01      6.324e+00
1.000e+04      2.983e+01      5.976e+00
1.000e+04      5.246e+01      5.874e+00
1.000e+04      5.795e+01      5.538e+00
1.000e+04      4.816e+01      7.906e+00
