1.500e+01      2.000e+01      1.956e+01      3.301e+00
1.500e+01      2.500e+01      1.052e+01      3.421e+00
1.500e+01      3.000e+01      1.474e+01      2.775e+00
1.500e+01      3.500e+01      1.030e+01      2.237e+00
1.500e+01      4.000e+01      1.424e+01      2.928e+00
1.500e+01      4.500e+01      1.277e+01      7.589e-01
1.500e+01      5.000e+01      1.336e+01      5.581e-01
2.000e+01      2.500e+01      2.340e+01      2.239e+00
2.000e+01      3.000e+01      1.733e+01      1.743e+00
2.000e+01      3.500e+01      1.674e+01      1.375e+00
2.000e+01      4.000e+01      1.072e+01      2.131e+00
2.000e+01      4.500e+01      1.334e+01      9.097e-01
2.000e+01      5.000e+01      1.472e+01      1.286e+00
2.500e+01      3.000e+01      1.924e+01      2.140e+00
2.500e+01      3.500e+01      1.219e+01      7.145e-01
2.500e+01      4.000e+01      1.388e+01      5.567e-01
2.500e+01      4.500e+01      1.614e+01      1.731e+00
2.500e+01      5.000e+01      1.233e+01      1.656e+00
3.000e+01      3.500e+01      1.990e+01      2.022e+00
3.000e+01      4.000e+01      1.141e+01      5.844e-01
3.000e+01      4.500e+01      1.343e+01      8.369e-01
3.000e+01      5.000e+01      1.613e+01      1.315e+00
3.500e+01      4.000e+01      2.122e+01      2.153e+00
3.500e+01      4.500e+01      1.174e+01      5.718e-01
3.500e+01      5.000e+01      1.346e+01      6.694e-01
4.000e+01      4.500e+01      2.000e+01      2.006e+00
4.000e+01      5.000e+01      1.248e+01      6.628e-01
